64
64
0.651469
0.007130
0.171797
3.026332
0.041865
0.039091
0.214628
0.079875
0.036882
0.188374
0.083204
0.084806
0.049345
0.071835
3.164345
2.419907
2.634057
0.169096
0.281278
0.276918
0.030627
0.117401
0.131408
0.185298
3.133900
0.099479
0.178691
0.102890
0.347215
0.522713
0.188603
0.123040
0.137364
0.053220
0.026716
0.085923
0.055610
0.094833
0.116016
0.006098
0.084462
0.043707
3.174132
0.267414
0.128079
0.142068
0.151488
0.031699
0.189292
0.044236
0.057105
0.131429
0.062954
0.004552
0.007323
0.061140
0.043076
0.046740
2.857122
0.110702
0.218358
0.147794
0.180394
0.007521
0.180003
0.403434
0.011601
0.096008
0.261822
2.730855
0.447169
0.026459
0.036465
0.189997
0.250977
0.171665
0.105388
0.179062
0.065466
0.023165
0.039719
0.451083
0.037077
0.185807
0.130399
0.341038
0.107807
0.079670
0.554439
0.132118
0.165972
0.128752
0.252171
0.083139
0.137824
0.299252
0.060454
0.208493
0.139296
0.009505
0.137027
0.059119
0.025953
0.060155
0.012103
0.010800
0.050054
0.109147
0.089009
0.129359
0.011102
2.785876
0.015766
0.045694
0.129993
0.150969
0.122190
2.954297
0.021339
0.195009
0.095344
0.046321
0.145774
0.190727
0.008133
0.022303
0.097899
0.270854
2.939370
0.017045
0.237728
0.714315
0.379419
0.223447
0.045482
3.148401
0.371355
0.468991
0.669430
0.398272
0.602283
0.365703
0.869225
0.420061
0.065073
0.188837
2.774816
0.062776
0.254856
0.190521
0.392240
0.351153
0.092977
0.071385
0.253172
0.088769
0.017289
0.022657
0.134378
0.268514
0.180687
0.211682
0.037153
0.112406
0.478975
0.316047
0.217998
0.191653
2.953192
0.092815
0.154153
0.224880
0.021324
0.255751
0.014821
3.019053
0.216500
0.208487
0.313781
0.066735
0.126676
0.444272
0.066163
0.329844
0.201843
0.030599
0.243933
0.068968
0.110891
0.149335
0.566509
0.393287
0.217413
0.191123
3.312630
0.342297
0.004698
0.661963
0.837236
1.049422
1.060508
4.443165
1.580119
1.759789
1.928123
1.896273
1.203834
1.190694
1.110998
0.359409
2.558348
0.013981
0.174818
0.205599
0.131627
0.163905
0.336684
0.101081
0.018082
0.206924
0.313880
0.014501
0.177607
2.910466
0.265894
0.176327
0.033535
0.069391
0.031892
0.027950
0.204474
0.051362
0.069963
0.123680
0.200541
0.279345
2.627477
0.236181
0.135080
0.013949
0.264535
0.383313
0.398666
0.058344
0.004027
0.028881
0.644231
0.184891
0.204066
0.340314
0.221088
0.002260
0.184221
0.198507
3.026636
3.190902
0.078782
0.060517
3.026103
0.149627
0.485950
0.494515
0.948166
1.489455
2.099783
2.163035
5.869502
3.572863
0.369732
2.410683
2.278634
2.032985
1.619349
1.463760
0.645495
0.410215
0.143795
0.164185
3.449036
0.034237
0.650938
0.036824
0.048689
0.205626
0.359752
0.089004
0.476611
0.018137
0.243864
0.095122
0.122221
0.432300
0.152604
0.218715
0.004372
0.042149
0.021763
0.156504
0.045378
0.037412
0.007590
3.248752
0.110145
0.114324
0.478245
3.476426
0.113334
3.237559
0.624601
0.177703
3.036266
0.296742
0.207541
0.037802
3.049520
0.122442
0.108740
0.019437
0.159001
0.024520
0.057082
0.037982
0.231944
0.298003
0.407116
0.857849
1.329994
1.852554
2.502281
3.231866
3.061516
3.481792
6.537821
3.411777
0.329484
2.113263
1.529265
1.869959
0.790967
0.536522
0.369417
0.652999
0.021110
0.108424
0.094292
3.020676
0.041596
0.175436
3.198272
0.058943
0.049877
0.339662
0.281682
0.164839
0.032542
0.160670
0.068430
0.266354
0.094976
0.276020
0.278597
0.010976
2.773059
0.091861
0.223938
0.169820
0.029817
0.236897
0.241709
0.140520
0.311511
0.073757
2.975531
0.508137
0.039568
0.057867
0.046397
0.241477
0.173649
0.180382
0.182182
0.486227
0.072280
0.037010
0.127634
0.008909
0.396957
2.900602
0.133760
0.757711
1.107170
1.828383
5.692424
2.656340
3.378214
3.418409
3.653364
3.224743
3.215108
2.009197
4.502746
1.285959
1.008601
0.307484
0.069799
0.287351
0.059744
0.290906
0.122897
0.104054
0.268426
3.101218
0.119183
0.060391
0.142946
0.103481
0.024887
0.001803
0.190861
0.108299
0.105435
0.024270
0.194941
0.130878
0.205015
0.129559
0.143749
0.344188
0.211434
0.228916
0.085956
0.129165
0.297181
0.075785
0.204776
0.229202
0.122421
3.166333
0.586556
0.009402
0.203416
0.211522
0.123496
0.214520
0.224073
0.113455
0.249388
0.247904
0.030530
0.036268
0.094928
0.001334
0.033528
1.068123
1.373097
1.790136
2.099747
2.910806
3.487136
3.895246
0.648774
3.217112
3.065713
2.475848
1.619628
1.224405
2.384908
0.321502
0.110308
0.052522
0.033216
0.023864
0.235515
0.140227
0.176027
0.083719
0.303575
0.075748
0.152582
0.267329
0.004373
0.005105
0.034300
0.111260
0.453164
0.303111
0.072643
0.274082
0.005117
0.236321
0.015420
0.044530
0.067549
0.054479
0.128370
0.127400
0.024543
0.516500
0.290973
0.309724
0.006560
3.119553
0.057244
0.014117
0.009493
0.010089
0.194539
0.187034
3.163270
0.085866
0.093880
0.203521
0.149568
0.211817
0.040206
0.298254
0.168318
0.735911
1.627779
1.683695
2.240904
3.011155
3.083277
3.411812
2.920494
3.233962
3.080375
2.406850
1.635551
1.147026
0.351404
0.244416
0.201506
0.082650
0.409295
2.724127
0.133467
0.428454
0.016396
0.180677
0.193853
0.168470
0.426906
0.325269
0.492538
0.194360
0.206186
3.418197
0.428783
0.306016
0.286109
2.748760
0.135022
0.270929
0.086520
0.160757
0.107599
0.263385
0.256396
0.049179
0.304127
3.298599
0.028953
0.312812
0.274755
0.181937
3.551084
0.109720
0.313963
0.182072
0.003889
0.496818
0.128388
3.116934
0.145308
0.180807
0.223715
0.259855
0.197639
0.023603
0.445733
0.865227
1.170492
1.209973
1.874836
2.537356
2.965085
3.496667
3.140637
3.016409
2.943686
2.222480
4.494448
1.211085
0.587594
0.010344
3.012054
0.182391
0.148462
0.114593
0.448104
0.367355
0.280715
0.171949
0.144952
0.134190
0.008018
0.187634
0.138601
0.085067
0.342550
0.510029
0.012102
0.112505
0.163728
0.178287
0.002740
0.194894
0.186321
0.526401
2.871451
0.118485
0.163286
0.265195
0.342686
3.378095
0.256552
0.082079
0.010748
0.037786
0.324495
0.151410
0.305695
0.134149
0.158629
0.274468
0.199536
0.144398
0.231676
0.267810
2.858621
0.154827
0.047271
0.017537
0.067277
0.872556
1.181091
1.098143
1.461511
1.948395
2.128553
2.591254
2.633180
2.358583
2.312252
1.716454
1.269700
1.033927
0.869699
0.482721
3.225735
0.017233
0.039583
0.000917
0.235594
0.131363
0.073380
2.789413
0.108094
0.078719
0.006455
0.379736
0.034557
0.268642
2.950607
0.518242
0.200282
0.127376
0.026698
0.134787
0.069552
0.250790
0.039015
0.132212
0.063697
0.410224
0.121887
0.118165
2.898410
0.069921
0.208217
2.962964
0.080997
0.638503
0.600755
0.123608
0.177444
0.238065
0.034754
0.151366
0.031341
0.037783
0.179606
0.052461
0.224551
0.105555
0.381317
0.199357
0.235677
0.050236
0.059215
0.179227
0.145515
0.123918
0.193776
0.396624
0.101834
3.130008
0.076723
0.214873
0.218816
0.020402
0.083681
0.151365
0.001901
2.719907
0.299815
0.298492
0.054634
0.072852
0.181730
0.122627
0.074535
0.394176
0.026377
0.584734
0.009553
2.831727
0.139850
3.082419
0.259283
0.333637
3.139828
0.366072
0.025933
0.533485
0.145591
0.045298
0.162173
0.022776
0.229276
0.049535
3.208345
0.028309
0.001988
0.367755
0.175616
0.407253
0.814450
0.123784
0.341969
0.134490
0.414763
0.137385
0.089648
0.057094
0.042337
0.274032
0.327911
0.016609
3.072749
0.459417
0.028908
0.743576
0.883078
1.631514
1.436591
1.900812
2.712733
2.571806
2.377561
1.961062
0.982175
1.681560
0.907130
1.375043
0.495487
0.410644
0.253212
2.990740
0.109339
0.082718
0.334246
0.491333
0.278025
3.300971
2.958621
2.690171
0.041640
0.127495
0.107045
0.033842
2.920995
0.113705
0.332234
0.155177
0.133004
0.218341
0.214294
0.081303
0.139536
0.577248
0.286028
0.363666
2.975644
0.277675
0.171807
0.504697
0.024317
0.029962
0.100327
0.057448
0.485026
0.318901
0.028693
0.188221
0.058216
0.133641
0.172049
0.177337
3.359215
0.149700
0.012100
0.038551
0.368564
0.202900
0.003346
0.551626
1.256043
1.560998
2.010257
3.106922
2.787510
3.213720
3.269243
2.947909
2.450645
2.239379
1.302975
1.331089
1.129416
0.360122
0.111900
0.105478
0.100309
0.321264
3.153894
0.159822
0.005684
0.020034
0.134649
0.343746
0.198750
0.148858
0.137010
0.026959
0.153380
2.774109
0.199477
0.097389
0.103115
0.051441
0.263955
2.840509
0.133936
2.800778
0.224020
0.295743
0.220863
0.198065
0.273035
0.292972
0.391547
0.073224
0.617188
0.131685
0.370981
0.243760
2.366212
0.357621
0.439950
0.646914
0.094623
0.233330
0.209337
0.224894
0.279072
0.131297
0.283539
0.260924
0.494671
1.115650
1.052158
2.119351
2.089602
0.344079
2.788814
3.882129
3.428738
3.263011
2.529772
2.141899
1.556144
1.597819
0.713997
3.422991
0.218686
0.108769
3.006897
0.072816
0.191845
0.172789
3.128003
3.294101
0.266154
0.490472
0.167654
0.259210
0.310130
0.223067
0.046703
0.364967
0.033849
0.228979
0.264493
0.200846
0.616455
0.028317
0.149934
0.200945
3.123086
0.025802
0.007547
0.154568
0.594526
0.349198
0.257402
0.328549
0.532603
3.012363
0.369072
0.120745
0.068164
0.322669
0.555163
0.286800
0.305108
0.326066
0.330121
0.316182
0.008638
0.342662
0.224799
0.002378
0.591688
0.849890
1.316415
1.544378
0.407965
3.109096
3.133385
6.313222
3.730333
2.527393
2.431869
4.947529
1.671755
1.307621
0.471560
0.297779
0.010046
0.186888
0.103634
0.025686
0.123604
0.100599
0.085448
0.237248
0.189870
0.055064
0.069415
0.071357
3.160937
0.006958
0.115919
0.118162
0.447485
0.179608
0.260647
0.257861
0.003610
0.015708
0.251292
0.071070
0.034282
0.183877
0.581109
0.251879
0.099745
0.308755
0.545952
0.404245
3.724658
0.339674
0.279800
0.004326
0.608082
0.058403
0.254619
0.017642
0.210639
0.169783
0.116693
0.014595
0.035292
0.118316
0.090102
0.092052
0.299760
0.783065
1.022932
1.401662
2.271961
2.384114
3.542717
3.610643
3.442326
6.258974
2.923211
2.675701
1.609230
1.216562
0.562440
0.004078
0.164535
0.005669
0.011436
0.113559
0.104182
0.202247
0.036808
0.044876
0.099611
0.071622
0.006533
0.512975
0.028444
0.108459
0.026490
0.167511
0.456256
0.090407
0.192657
0.157364
0.322799
0.379537
0.286921
0.069053
0.078647
0.355290
0.040255
0.450533
0.058065
0.018063
0.009052
0.058530
0.331177
0.188443
0.125225
0.079777
0.228029
0.073926
0.267486
0.174543
0.021443
2.772323
0.168302
0.090228
0.376674
0.192731
0.158239
0.043192
0.090942
0.483374
1.708110
1.390614
2.466091
2.992567
2.857451
3.426196
3.923106
3.548043
5.471528
1.985486
1.760099
4.140844
0.794245
0.109490
0.070157
0.092036
0.120787
3.014347
0.054649
0.124062
0.115505
0.341774
0.097638
0.265110
0.086065
0.085453
0.063590
3.059325
0.101406
0.048573
0.071839
2.521764
0.175009
0.255612
0.368598
0.211760
0.234685
3.489392
0.284540
0.373224
3.109751
0.249883
0.223514
0.402592
0.078171
0.322586
0.354925
0.167975
2.720046
2.513591
0.191995
0.057622
0.049201
3.056635
3.037679
0.378386
0.421254
0.066460
0.012899
0.179807
0.053480
3.275401
0.386538
0.634808
1.242270
1.507136
1.696549
2.683950
2.908455
3.097220
2.981808
0.146509
2.549714
2.165457
1.223442
1.052238
0.617002
0.362147
3.110461
0.027000
0.165956
2.743992
0.071874
0.058085
0.124590
0.031674
0.166213
0.070607
0.116687
0.167156
0.209528
0.003451
0.019107
2.670843
0.337265
3.003537
0.215892
3.163340
0.099362
0.080755
0.187062
0.041698
0.122071
0.174946
0.048538
0.110471
2.902919
2.764258
0.307265
0.462069
0.089037
0.176065
0.007618
0.195393
3.004101
0.243958
0.412404
0.329702
0.292377
0.073922
2.767178
0.114298
0.006636
2.904291
0.208425
0.431553
0.162805
0.622771
0.644064
4.066625
0.922213
1.423534
1.132215
1.711098
1.797709
1.512544
1.555024
1.046974
0.716450
1.378486
0.203892
0.205237
0.306780
0.050271
0.058932
0.413813
0.368478
0.018783
0.180151
0.116962
3.014527
0.025460
0.380124
0.210154
0.126357
0.416230
0.317868
0.250019
0.202939
0.299499
0.266367
3.297573
2.810774
0.109710
0.379071
0.144952
0.141686
0.292482
0.054121
0.160078
0.428939
0.131356
0.359617
0.079296
0.082760
0.351171
0.136000
0.026165
0.300317
0.231907
0.158733
2.533866
0.343138
0.019647
0.142540
2.711902
2.996680
0.235182
0.036213
0.038404
0.324332
0.029273
0.045853
0.057704
0.209916
0.755454
0.480654
0.481392
0.806175
0.643076
0.199488
0.551457
0.452249
0.418904
0.138151
0.252904
0.515232
0.226422
0.139919
0.194182
0.213837
0.067111
0.326568
0.759251
0.057000
0.230505
0.168308
0.301683
0.263405
0.178757
0.304018
0.083077
0.598790
0.133433
0.020171
0.268586
0.336801
0.079766
0.273423
0.002130
0.344103
0.020987
0.048867
2.908104
0.438851
0.088565
2.881544
0.505024
0.293929
0.377716
0.662496
0.397544
0.218146
0.005663
0.540448
0.035660
0.178025
0.226026
2.824816
0.041323
2.902416
0.090150
0.013641
0.364257
0.205311
0.209862
0.218168
0.006181
0.438828
0.152463
0.223266
0.441224
0.192998
0.423265
3.327924
0.438894
0.347036
0.346523
0.135251
0.349849
0.310388
0.260389
0.021899
0.296881
0.047087
0.310072
0.279453
0.073084
0.054338
0.108418
0.226569
0.065610
0.584249
2.723088
0.045463
0.163939
0.071256
0.229805
0.526279
0.124259
0.046612
0.044276
0.136014
0.182689
0.247221
0.355946
0.036031
0.110928
0.147038
0.295605
0.269482
0.500398
0.470449
0.212181
0.320906
3.044489
0.312053
0.540427
0.179411
0.023670
0.029329
0.146902
0.188215
0.036833
0.380752
0.119575
0.117312
0.026511
0.255192
0.031190
0.175427
0.212798
0.039396
0.148061
0.084649
0.138757
0.125943
0.112383
0.193780
3.361006
0.444358
0.204670
0.016545
0.084990
0.203073
0.501059
0.193093
0.012524
0.278577
0.067607
0.190363
0.216466
0.008925
0.095847
0.484718
2.895364
0.073415
0.034680
0.158358
0.192332
0.078498
0.248978
0.014965
0.100314
0.135448
0.088618
0.195127
0.066187
3.042006
0.001772
0.112162
0.224210
0.032591
0.176506
0.299347
0.057741
0.518827
0.519328
0.193301
0.033646
0.239932
0.467329
0.275049
2.930021
0.213590
0.075436
0.020263
0.279252
0.040125
0.006650
0.201313
0.192935
0.158949
0.005403
0.035255
0.057996
0.019684
0.437587
0.004721
0.202961
0.004613
0.040326
0.219270
0.103407
0.078632
3.000140
0.058682
0.362743
0.078144
0.141962
0.210610
0.034674
0.022669
0.182242
0.063259
0.419560
0.116580
0.215738
0.253505
0.185671
0.195201
0.138323
0.420574
0.297892
0.251313
0.176561
0.097217
0.423275
0.006487
0.076316
0.077636
0.083419
0.320143
0.149048
0.352709
0.304653
0.378324
0.393964
0.151592
0.589042
0.015438
0.454836
0.151412
0.497927
0.218506
0.006662
2.834054
0.355903
0.511359
0.472445
0.183334
0.090519
0.051589
0.131374
0.261942
0.317898
0.221234
0.132809
0.068442
3.060623
0.024353
0.175735
0.420693
0.063265
0.043000
0.084746
0.134288
0.286165
0.111194
2.887479
0.050129
0.103982
0.014389
0.115713
0.084556
0.043761
0.182538
0.281240
0.006087
0.122698
0.266459
0.187049
0.293391
0.340053
0.192972
0.056997
0.203859
0.136449
0.028556
0.109559
0.108863
0.033973
0.089173
0.163774
0.340345
0.391518
0.305707
0.211533
0.013877
0.170251
0.015166
0.303266
0.495946
0.238121
0.534644
0.194852
0.285568
0.329817
2.715314
0.015727
0.095973
0.676656
0.227585
0.494742
0.300748
0.028881
0.032116
0.425152
0.231435
0.058698
0.133677
0.153544
0.037748
0.000542
0.036434
0.198583
0.061631
0.452061
0.126687
0.001759
0.287763
0.387634
0.027344
0.115272
0.498463
0.105821
0.386410
3.307010
2.926646
2.866676
0.340621
0.172659
0.274677
0.022443
0.007510
0.035594
0.188781
0.300048
0.365940
0.038269
0.302858
0.027881
0.240019
0.055223
0.065946
0.023760
0.131450
0.256450
0.122862
0.080877
0.157518
0.108607
0.312931
0.189824
0.112192
0.645058
0.059949
0.063413
0.152423
0.405446
0.359650
0.444890
0.668728
0.011147
0.357032
0.259559
2.896021
0.497305
0.143409
0.579524
0.030483
0.099110
0.443342
0.144123
0.275631
0.156266
0.028469
0.382390
0.089958
0.016630
0.002716
0.026252
0.432993
0.263399
0.016332
0.218444
0.103278
0.122627
0.181032
3.173691
0.103814
0.609693
3.275781
0.033451
0.407912
0.123613
3.137521
2.827249
0.008439
0.183430
0.127982
0.097225
0.076312
3.106051
0.059074
0.065766
0.585297
2.878569
2.733656
0.215670
3.058715
0.346875
0.140898
0.060001
0.117783
0.301171
3.797540
0.023813
0.016983
0.232463
0.040190
0.254076
0.072978
0.549001
0.042978
0.757543
0.283437
2.710949
3.033520
0.043783
0.210408
2.919027
0.012054
0.206545
0.299580
0.132148
0.207597
0.316154
0.062115
0.227457
0.095249
0.186843
0.277439
0.472964
0.181123
0.065057
0.344949
0.537172
0.040869
2.965219
0.046911
0.199571
2.997569
0.137177
0.204704
3.518321
0.043446
0.242243
0.024578
0.283581
2.912083
3.086017
0.138163
0.308796
0.059308
0.298900
0.314731
0.183312
0.085501
0.098643
0.343747
0.348533
0.379821
0.606821
3.163892
0.277639
0.490244
0.223047
0.272419
0.309291
0.178863
0.404164
0.528269
3.288890
2.978441
0.092946
0.315732
0.068317
0.436837
0.079696
3.406780
0.343237
0.407575
0.058388
0.526883
0.143252
0.160016
0.133133
0.017290
0.286371
0.212841
0.515750
0.113818
0.192160
0.330698
2.932276
2.786763
0.241023
0.322962
0.154109
0.046208
0.078955
0.238855
0.000920
0.026721
0.140316
0.090028
0.169927
0.083123
0.170707
0.104143
0.653296
3.029249
0.042433
0.244284
2.963733
0.304309
0.046026
0.000096
0.089524
0.005922
2.957219
0.734392
0.353831
2.657916
0.448675
0.640276
0.556958
0.210869
0.181831
0.377730
0.080726
0.019017
0.297536
0.386149
0.401430
0.073502
0.069397
0.667837
0.312761
0.550243
0.627636
0.263378
0.230757
0.114151
0.167206
0.284981
0.132721
0.023294
0.363560
0.232344
0.045444
0.157417
0.434617
0.396533
0.072247
0.125331
0.369114
0.007231
0.166106
0.016896
0.342312
0.207886
0.224485
0.230613
0.011270
0.219699
0.453867
3.234054
2.817345
0.033084
3.158147
0.084441
0.137434
0.235029
0.371468
0.168937
0.048372
0.131634
0.192132
0.334558
0.091361
0.256371
0.104020
0.242674
0.893360
0.732673
0.546655
1.895695
1.104323
0.829926
0.774862
0.807010
0.466601
0.029148
0.037066
0.141033
0.304797
0.039614
0.042008
0.031267
0.312767
0.248067
3.086761
0.473938
0.116133
0.369340
0.233223
0.186575
0.074343
0.109823
0.431855
0.235773
0.463522
0.300275
0.000638
0.229788
0.410081
0.000879
0.093356
0.083640
0.015526
0.110049
0.287454
0.175652
0.016052
0.327224
0.012286
0.145881
0.035084
0.122276
0.091769
0.038015
0.364835
0.334060
0.007897
0.191151
0.115876
0.050744
0.007985
0.125907
0.273946
0.050926
0.004340
3.061177
0.266039
0.374278
0.532147
0.427762
0.846123
0.482766
1.027802
1.074850
0.950293
0.792685
0.867313
0.549658
0.726553
3.343690
0.156812
3.244775
2.988671
0.028958
0.132082
0.484551
2.919823
0.459593
2.298996
0.349806
0.758427
3.110345
0.210167
0.508694
0.330482
0.075192
0.140580
0.478974
0.298977
0.019488
0.430676
0.116503
0.102861
0.051534
0.105409
0.415821
0.268778
0.057169
0.266157
0.023815
0.164273
0.157152
0.121296
0.054871
0.077579
0.191976
0.296416
0.003567
3.095617
0.171891
0.171427
0.538854
0.296402
0.055542
0.211739
0.363668
0.306046
0.160706
0.367939
0.211127
0.161375
0.231672
0.413008
0.426720
0.470474
0.685385
1.088010
1.059899
1.112172
0.701042
0.751585
0.977536
0.463801
0.423724
0.138442
0.332814
0.345630
0.004458
0.252755
0.170338
1.040467
0.079680
0.231654
0.005820
0.568827
3.198411
0.090883
0.403743
0.832070
0.109734
0.031015
0.112346
0.078718
3.107679
0.155051
0.147918
2.765152
0.146523
3.203707
0.387663
0.058588
0.039365
0.135022
0.353534
0.010069
0.093115
0.060928
0.169130
3.208856
0.066608
0.271686
0.128506
0.077857
0.299995
0.029609
3.084655
0.113121
0.141114
0.023226
0.065448
0.115456
0.174072
0.027195
0.116208
0.282972
0.155753
0.290505
0.425066
0.442440
0.682742
1.775876
2.067919
1.073636
0.950402
0.837252
0.831718
0.516964
0.498095
0.102565
0.176772
0.054433
0.105551
0.178833
0.180787
0.418300
0.484366
0.095891
0.421719
0.135158
0.783415
3.164798
0.116512
0.028104
0.323574
2.935521
0.072630
0.091448
0.187962
0.230496
0.473859
0.188881
0.044241
0.183540
0.232071
3.066278
0.184648
0.273559
3.130896
0.119739
0.225131
0.179390
0.130424
0.171206
0.373688
0.210046
0.017982
0.336463
0.033919
0.151805
0.044362
0.012895
0.191137
0.023984
0.117669
0.144350
0.030087
3.161060
2.853498
0.080143
0.472313
0.430216
2.360130
2.170404
0.997389
0.980925
1.013276
0.527273
1.287897
0.649199
0.704736
0.602384
3.103029
0.109971
0.457882
0.172584
0.082744
0.370405
0.094104
3.259005
0.458765
0.294403
0.577588
0.075212
0.174011
0.126973
0.153453
0.224168
0.232226
3.428423
3.036269
2.966877
0.227618
2.908979
2.726414
0.027014
0.100338
0.392164
0.380915
0.313841
0.016719
0.192143
0.029753
0.310214
0.361749
0.089478
0.289366
0.324252
0.391366
0.002566
0.081811
0.168113
3.084554
0.216307
0.049121
0.205709
0.307754
0.278868
0.052836
0.325547
0.016014
0.008197
0.161100
3.137169
0.583055
0.380627
0.475092
0.699268
0.938632
0.832417
0.597852
1.344083
1.057366
1.296749
0.778285
0.420381
0.391777
0.237447
0.006018
0.130540
0.012571
0.115255
0.097261
0.068396
0.635267
2.780660
0.191582
0.618637
0.424188
0.249739
0.457905
0.013387
0.121367
0.264409
0.401250
0.307224
0.322352
0.133853
0.204454
0.295788
2.978503
2.864153
0.148011
0.026202
0.170263
0.123546
0.337674
0.070036
0.052621
0.205673
0.192419
0.124312
0.236500
0.017656
0.302282
0.028963
0.075146
0.469364
2.981312
0.186637
0.084149
3.231632
0.035706
0.143293
3.146952
0.041821
0.345148
0.587177
3.353097
0.470004
0.310324
0.184620
0.891213
2.396496
0.610223
0.577201
1.024388
0.499354
2.710788
0.123808
0.459062
0.046849
0.161708
0.300519
0.176505
0.276674
0.028271
0.569767
0.318364
0.003396
0.283877
0.247403
0.083381
0.179492
0.238762
0.474459
0.098340
0.555728
3.230125
0.182383
0.284053
0.256631
0.199351
0.278268
0.007883
0.165299
0.210813
0.106461
0.137183
0.308074
0.364332
0.232491
0.058691
0.009485
0.131469
0.060932
0.231658
0.346815
0.281166
0.074318
0.054504
0.039225
0.215034
0.452878
0.417703
0.018422
0.009154
0.124573
0.247686
0.172065
0.189970
0.364674
0.114816
0.045012
0.107785
0.076683
0.228597
0.189269
0.295986
0.240253
0.185197
0.149622
0.479583
0.067930
0.123505
0.255067
0.079796
0.339532
0.307981
3.162091
0.067620
0.190500
0.232325
0.512992
0.371238
0.388908
0.083546
0.196302
2.870940
0.087961
0.395483
0.571293
0.333843
0.208278
0.069587
0.224393
0.133225
3.083674
0.075199
0.140503
0.078455
0.092823
0.002373
0.276546
0.342553
0.164222
0.091309
0.184463
0.496290
0.336500
0.469993
0.486438
0.412213
0.824050
0.305185
0.603061
0.263876
0.119751
0.094522
0.091807
0.189278
0.078477
0.103619
0.081472
0.339553
0.099476
0.194430
2.384502
2.630868
0.013327
0.574185
0.732092
0.698795
2.051251
0.785530
0.683780
0.521055
0.768262
0.013420
0.511820
0.122256
3.273960
0.222125
0.450266
0.027856
0.152667
0.367445
0.139120
0.008444
0.047206
0.146611
0.094750
0.178797
0.318942
0.094612
0.168940
0.194030
0.132665
2.728785
0.011860
0.084120
0.264460
0.143883
0.060711
0.107502
2.859501
2.906529
0.171064
0.263136
0.180649
2.518745
0.601015
0.947080
0.769370
1.478897
4.636143
1.726381
1.187746
1.761715
1.478224
1.395149
1.192017
2.490065
0.300829
0.422362
0.128165
0.375749
0.193431
0.128436
0.115307
0.110289
0.246213
0.794353
0.963375
0.672857
0.952435
0.722642
0.979887
1.565815
1.175183
0.581243
0.514192
0.441004
0.243072
0.264083
0.113576
2.908511
2.955607
0.033064
0.114943
3.195002
0.406028
0.448429
0.383424
0.201467
0.142865
0.514950
0.838812
0.051930
0.135069
0.027996
0.124971
0.163795
0.166069
0.225285
0.286975
0.072100
0.016187
0.029825
0.160520
2.887866
0.072020
0.299322
0.277805
0.788251
0.687603
1.846526
2.350587
2.053796
2.832257
0.165612
3.117230
2.641703
5.712609
1.660538
1.708516
1.126802
0.592567
0.410704
0.009999
2.984947
3.055553
0.261181
0.252320
2.357842
0.424818
0.572487
0.564371
0.875597
0.857100
0.821521
0.734659
0.987701
1.106810
0.580549
0.435293
0.194117
0.415847
0.090918
0.008433
0.403050
0.046535
0.030747
0.026688
0.499416
0.276850
0.718906
0.366248
0.427796
0.329009
0.227808
0.263020
0.061727
0.141583
0.211020
0.063011
0.170672
0.028708
0.154438
0.125798
0.309010
0.091260
0.201777
0.140118
0.113262
3.044179
0.220427
0.415309
1.154931
0.885730
1.576816
2.278681
2.591542
3.199137
3.118002
3.416668
6.411101
2.579024
0.814297
1.830430
1.298553
0.890347
0.078837
3.124075
0.057108
0.352733
0.187183
0.202105
0.496653
0.370562
0.110664
0.720739
0.855990
2.166923
2.181096
1.159737
0.467576
0.693471
0.445858
0.629553
0.321273
0.001157
0.515174
0.375246
3.132856
3.303038
0.263956
0.367366
2.687707
0.042165
0.062237
0.005029
0.430156
0.211023
0.461556
0.058975
0.746325
0.237975
0.140174
3.388230
2.861677
0.093309
0.064058
0.477468
0.306799
0.444242
0.174393
0.111088
0.138134
0.300795
0.446374
0.546175
4.075803
1.234122
1.801529
2.274926
3.032582
3.376849
6.492974
3.441981
3.239998
2.532545
2.314483
1.279283
1.080252
0.798444
0.037387
0.178193
0.187580
0.010104
0.328779
0.032901
0.339172
0.046996
2.616135
0.441274
0.921727
0.798279
0.974401
1.070026
0.979921
0.806739
0.712909
0.583964
3.412602
0.278552
0.078521
0.144480
0.186631
0.381162
3.087757
0.629931
0.202086
0.463112
0.172718
0.141674
0.347098
0.113438
0.033486
0.144804
0.217337
0.098921
0.241093
3.339138
0.152058
0.000164
0.243778
0.358675
0.303246
0.166563
0.061901
0.027548
3.303387
3.338319
0.128775
0.041833
0.868286
4.173987
1.933784
1.815212
2.260224
3.448970
3.499795
3.507982
3.461560
2.829712
5.056857
1.902379
1.818815
1.136066
3.605045
0.214790
0.013640
0.117880
0.249809
0.247631
0.014757
0.412216
0.642545
0.924485
0.850677
1.161514
0.989624
1.019614
4.146794
0.754663
0.844576
1.082151
0.477106
0.540444
0.466876
0.068845
0.100467
0.214371
0.137455
0.227968
0.004149
0.493718
0.173257
0.256358
2.787712
0.408296
0.198934
0.057674
0.194025
0.283058
0.119905
0.106583
0.043219
3.048681
2.772794
0.068818
0.059810
0.168108
0.264992
0.069759
0.080529
0.152095
0.140759
0.436650
0.640672
1.368718
1.988807
2.171338
2.814340
3.287708
3.425690
3.349264
3.336771
2.957784
2.603130
1.937703
1.448243
0.961942
0.197126
0.166148
2.699428
0.080437
0.374047
0.107010
0.119188
0.160124
0.583139
0.646674
0.926551
0.880638
0.813552
0.952812
0.948702
3.871448
0.685607
0.737893
0.213412
0.011594
0.069990
0.147427
0.333471
0.253769
0.237577
0.094728
0.059867
0.207914
0.037730
0.061190
0.129244
2.550474
0.138855
0.043147
2.892236
0.181459
2.717757
0.071403
0.153488
0.106228
0.186578
0.216647
2.730136
0.020938
0.235866
0.384782
0.106702
0.123122
3.090987
0.051480
0.531472
1.119919
1.715858
1.963568
2.941188
3.262382
3.326118
3.417301
3.274296
2.924483
2.470584
1.662563
1.305269
3.602853
0.259310
0.116115
0.018495
0.228977
0.084133
0.159414
0.044069
0.112494
0.128689
0.178734
0.419601
0.296519
0.947157
2.466326
0.352703
0.703493
0.194580
0.171378
0.291533
0.117362
0.109848
0.225766
0.302767
0.446012
0.282805
0.106378
0.224984
2.822397
0.191640
0.381055
0.437364
0.419987
0.153576
0.137940
0.068572
0.211515
0.143454
0.158074
0.038481
0.060933
0.258939
0.326407
0.158239
0.076379
0.179682
0.253277
0.146239
0.184173
0.032467
0.254124
0.388956
4.228178
1.351049
4.520331
1.692394
2.305607
2.601504
2.464214
2.285425
1.674632
1.608628
1.081700
0.669699
0.736317
0.584804
0.228657
0.182471
0.188850
0.315899
0.257622
0.000781
2.834180
0.054737
3.220946
0.251747
0.256466
0.063652
0.138785
0.603203
0.209734
0.229616
0.172161
0.082927
0.090049
0.008176
0.013782
0.233482
0.100723
0.074391
0.385744
0.464602
0.081036
0.377556
0.518071
0.422816
0.117284
0.152224
0.092707
0.153020
0.275842
0.147707
0.422348
0.261427
0.407301
2.965543
0.210019
0.191777
0.240223
0.015928
0.002063
3.331284
0.136676
0.216512
0.203390
0.158698
0.096491
0.023949
0.134769
0.145423
0.193453
0.132506
3.492184
0.057169
0.141692
0.178591
0.161887
0.110899
3.537095
0.153280
2.701088
0.267555
0.279089
0.264751
0.009962
3.305586
0.086895
0.064383
0.088757
0.042937
0.147630
0.267171
0.162387
0.057213
3.166747
2.900818
0.067525
0.029586
0.163185
0.028323
0.239736
0.028288
0.398095
0.007367
0.250780
0.186463
0.046450
0.088849
0.315927
0.238306
0.020546
0.047514
2.756221
0.246895
0.037449
0.319961
3.109763
0.015583
0.093656
0.135348
0.027886
0.078082
3.172552
0.117932
0.156528
2.998522
0.013966
0.233777
0.058188
2.538963
1.205016
0.982040
1.505778
2.176616
2.084842
2.429692
2.660527
2.437445
2.243090
1.574983
1.523952
0.675845
0.618870
0.194067
0.130976
0.270294
0.140631
0.189541
0.196391
3.173672
0.265401
2.969185
0.228291
0.036379
0.006787
0.109073
0.208589
0.423631
2.815063
0.049022
0.221295
0.190250
0.281505
0.169432
0.087417
0.281172
0.327683
0.657532
0.864317
3.797722
1.208316
2.169329
1.506756
1.239595
1.401894
4.134290
0.654869
0.952377
0.569009
0.154948
2.675859
0.130422
0.086986
0.150429
0.337510
0.171189
0.116913
0.045239
0.030230
0.349943
0.016793
0.074422
0.008572
0.651515
1.092494
1.915738
0.917500
2.581549
3.388781
3.457923
3.277590
3.125018
2.752290
2.090905
1.811110
1.148858
1.022999
0.167745
0.247244
0.027347
0.265947
0.074191
0.147169
0.353759
3.142756
0.076146
0.398375
3.080195
0.077978
0.189655
0.181005
0.040834
0.182020
0.017259
0.086540
0.004073
3.100123
0.465684
0.007153
0.266783
0.490603
1.906284
2.853012
3.369188
3.586501
3.411382
3.502790
2.916488
3.586507
3.486564
5.914244
2.779382
1.798822
0.456860
0.108511
0.316013
0.057196
0.277908
0.505620
0.095380
0.216774
0.203956
0.048363
0.042824
0.147874
0.266657
0.176579
0.994149
1.447059
1.615477
2.121802
2.419686
3.552725
3.537665
3.905418
0.237769
2.840652
2.295826
1.400899
1.198997
0.963439
0.556494
0.139190
0.240752
0.254136
0.028839
0.117167
0.084968
0.110318
0.493386
0.072954
0.022988
0.216477
0.049020
0.036064
0.536413
0.160263
0.267524
0.278966
0.285958
0.074157
0.267729
0.060497
3.385880
0.358724
1.548141
0.019605
3.193022
3.404309
3.747734
3.479881
3.064434
3.435103
3.542669
3.246203
2.905659
1.635313
0.560147
0.302061
0.055677
0.061372
3.032786
0.286364
0.009855
0.226900
0.111789
0.062483
0.082982
0.072504
0.050686
0.086993
0.505027
1.155261
1.080042
2.142993
3.101664
3.439005
6.350471
0.485429
2.689614
0.228394
5.801208
1.800005
1.414125
0.757880
0.324844
0.363230
0.009580
0.044624
0.175627
0.297695
0.172294
0.164234
0.220679
0.054504
0.809022
0.253833
0.157746
0.366205
0.155697
0.162953
0.042242
0.484505
0.066926
0.487036
0.250606
0.151946
0.109245
0.180784
0.387057
0.809842
4.398709
1.322454
1.472619
1.383624
1.548838
1.276195
1.212255
1.261294
1.345491
0.722283
0.279119
0.082908
0.112005
0.655034
0.126285
0.024757
0.132927
0.273645
0.020877
0.513829
0.141871
0.110509
0.421998
0.313925
4.075287
0.760853
1.703343
0.314012
2.846078
3.449627
3.881470
0.786350
3.440875
2.549649
2.113031
1.943157
1.137428
0.674671
2.707212
0.067059
0.114352
0.155806
0.071858
0.281261
0.151050
3.117657
0.032082
0.078774
0.181123
0.049615
0.342665
0.067193
0.014833
0.636379
0.057360
0.137351
0.040451
0.010199
0.121544
0.128708
0.073714
0.336957
0.038794
0.194981
0.257281
2.955411
0.089564
0.176004
0.251182
2.997944
0.250470
3.001776
0.140721
0.174390
0.107662
0.256465
3.108379
0.071444
0.235250
0.416950
0.116114
0.256701
0.155579
0.046996
0.386965
0.335582
0.277409
0.154481
0.830285
1.158859
1.727806
2.624811
2.233037
2.955914
6.548249
3.497040
2.992806
2.595125
2.419268
1.442032
1.319005
0.841163
0.352973
0.066050
0.251026
0.063246
0.258655
0.019268
0.145084
0.293459
0.051492
0.132695
3.104865
0.436872
0.139301
3.351142
0.110513
0.048058
0.126237
0.203116
0.309753
0.412734
0.286055
0.087460
0.153679
0.309255
0.437476
0.142654
0.127302
0.188906
0.123366
0.150094
0.282035
0.012841
0.343163
0.207087
0.196596
0.147798
3.043879
0.278495
0.206073
0.042266
0.021934
0.289197
0.049590
0.167189
0.377245
0.296485
0.352531
0.005339
0.284442
0.014725
0.540502
2.157448
1.274364
1.806955
2.510454
2.307188
3.067063
2.988831
2.978381
2.024072
0.864599
1.706062
0.705622
0.646797
0.222824
2.925926
0.234788
0.230660
0.169213
0.308348
0.023457
0.151888
0.382955
0.279953
0.153235
0.092606
3.018597
0.042836
0.316606
0.407464
0.008709
0.187197
0.321885
0.340059
0.033667
0.154577
2.639542
0.051648
0.036016
0.497407
0.093747
0.007849
0.061528
0.132588
0.150662
0.267673
0.114309
0.167288
0.109566
0.318260
0.134443
0.537633
0.096124
2.878640
0.052250
0.046885
0.314914
0.223348
0.303523
0.066072
0.507472
0.118413
0.345012
0.504435
0.603977
0.861832
0.770150
1.203039
1.147252
1.726815
1.784263
1.167277
1.728846
1.566992
1.258852
0.754811
0.894928
0.350965
0.258382
0.123845
0.098639
0.303166
0.303002
0.292492
0.206176
0.097655
0.420159
0.259457
0.134998
0.236646
0.176591
0.041119
0.179020
0.157636
2.903771
0.073783
3.168114
0.005662
0.297462
0.021290
0.447926
0.065828
0.066294
0.237090
0.008804
0.172222
0.112798
2.941242
0.312539
0.085224
0.225048
0.104570
0.061653
0.125240
0.016370
0.179495
0.049832
0.109649
0.218408
0.062272
0.199491
0.017763
0.037304
0.082435
3.074340
0.131247
0.267156
0.016143
0.249120
0.490065
0.492774
0.279076
0.313442
0.631243
0.315509
0.588222
0.446819
0.497099
0.592285
0.576632
0.282603
0.135130
0.417141
0.103527
0.046957
0.057958
0.036457
0.152695
0.170558
0.227104
3.112991
0.429020
0.174058
0.217738
0.384909
0.201361
0.076157
0.190255
0.129457
0.086531
0.135522
0.128303
0.434220
0.346010
0.173560
0.062303
0.096133
0.240148
0.033194
2.756970
0.023227
0.003401
3.076660
0.143806
0.320712
0.207998
0.397713
0.021961
0.152371
2.752595
0.214039
0.074321
3.059450
0.160356
0.150626
0.182826
0.022512
0.020082
0.083302
0.117294
0.004344
0.172195
0.325145
0.000146
2.888689
0.020014
0.221899
0.334238
0.064830
2.320593
0.186763
0.005193
0.029305
3.159670
0.049300
0.152241
0.017515
0.152319
0.306391
0.237849
0.473412
2.662568
0.057987
2.866460
0.092430
2.640284
0.117307
0.247602
0.497874
0.058381
0.352330
0.318844
0.068735
0.436794
0.126623
0.479050
0.172175
0.024089
0.130980
0.172216
0.119808
0.047978
0.037734
2.803635
3.492558
0.362301
3.127758
0.025866
0.135614
0.224090
0.015975
0.200677
0.000656
3.119999
0.370289
2.841856
3.066596
0.162871
0.143431
0.104382
0.226456
0.003409
0.001224
0.002660
0.177028
0.044287
0.216919
0.010647
0.178129
0.143582
0.119607
0.167364
0.194017
0.286186
0.230982
0.141663
0.132261
0.001817
0.189466
0.260694
0.043339
0.032148
0.315815
0.203929
2.896760
0.137466
0.289459
0.407660
0.350019
0.052359
0.118846
0.152973
0.105764
0.131766
0.235772
0.082143
0.152259
0.271786
0.027974
0.063736
0.030982
0.064738
0.060721
0.220864
0.078860
0.502187
2.917954
0.001918
2.968023
0.306786
0.136048
0.030980
0.251329
0.255334
0.158479
3.173654
0.085398
0.101582
2.852327
0.131452
0.449891
0.171428
0.254898
0.087890
0.168063
0.080283
0.259196
0.269307
0.151589
0.324607
0.097026
0.157560
0.205727
0.213797
0.075309
2.940125
0.317332
0.052238
0.229537
2.939193
0.015197
0.335095
0.166628
0.389356
0.010651
0.454143
0.148059
0.337743
2.992156
0.040333
0.112199
0.281465
3.138071
0.076710
0.237811
0.105996
0.112366
0.124772
0.050935
2.752779
0.229559
0.028447
0.106309
0.061266
3.222440
0.138598
0.001394
0.051348
0.079827
0.065382
0.041454
0.481468
3.041481
0.069364
0.194966
0.009989
0.062895
0.296943
0.097465
0.123957
0.040724
0.111542
0.278166
0.191834
0.182415
0.080829
3.176552
0.266855
0.130441
0.205106
0.275879
0.008637
0.095076
0.219914
0.082641
0.110727
0.020243
0.032804
0.470663
0.139911
0.048084
0.021021
0.352221
0.080796
0.015343
0.243214
0.249052
3.301685
0.009978
0.197774
0.106464
0.038140
0.450706
0.010263
0.052105
0.151008
0.132678
0.003758
0.211792
0.215010
0.138000
0.228836
0.043176
0.238886
0.251352
0.268756
0.174386
2.700969
3.142881
0.361999
0.234381
0.106536
0.303055
3.433662
0.083501
0.207981
0.037091
2.672488
0.017275
0.251710
0.221652
0.482007
0.248732
0.349813
2.963002
3.352490
0.159262
0.002759
3.052004
2.886605
0.077593
0.145989
0.101389
0.233267
2.755330
0.353861
2.898762
0.287030
0.142574
0.276682
0.008561
0.157021
0.344816
0.266680
0.198421
0.255723
0.062887
2.725797
0.201479
2.967007
0.186533
0.022051
0.227998
0.045773
0.104251
0.073402
0.078875
0.094014
0.150470
0.467895
0.358542
0.009593
0.138393
0.273054
0.355717
0.224627
0.018928
0.504131
0.105624
0.105059
0.137255
0.014151
0.109478
0.057908
0.077159
0.109565
0.143119
0.163858
0.241211
0.401212
0.011527
3.391872
0.002687
0.162941
0.064331
0.086798
0.295762
0.112969
0.172285
0.332777
2.939060
0.026488
0.017564
0.255529
0.313036
0.141179
0.035452
0.129053
0.422985
0.234282
0.050515
0.013851
0.081112
0.258614
0.108402
0.014646
0.064302
0.356298
0.121027
0.348633
0.116526
0.028738
0.120028
0.026268
0.166574
0.043803
0.272732
0.392759
0.335675
0.099455
0.139422
0.079215
0.186165
0.266436
0.237052
0.087020
0.224749
0.170602
0.018119
0.035921
0.098639
0.246568
0.448543
0.060096
0.232625
0.069503
0.092686
0.274532
2.678739
0.070434
0.128267
0.082515
0.111112
0.172433
0.407403
0.128636
0.432866
0.006030
0.203241
0.096353
0.238138
0.194305
2.815930
0.095819
0.221719
3.113082
0.374305
0.070437
0.116741
0.116955
0.208007
0.358919
0.000156
0.148532
0.214755
0.203090
0.226612
3.052632
2.611031
0.066094
0.343054
0.253940
0.029003
0.107772
0.054663
0.118046
0.382179
0.032746
0.084170
0.150218
0.143757
0.200817
0.083980
0.120116
0.011306
0.164389
0.331785
3.339889
2.735362
2.959531
0.317357
0.119544
0.041915
0.199284
0.110986
0.138750
0.230703
0.224863
0.119280
0.332786
0.154765
2.606368
0.402991
0.027407
0.142358
0.206673
0.226719
0.047598
0.086331
0.163932
3.248535
0.219220
0.335546
0.043991
0.163843
0.213140
0.200665
0.542144
0.023478
0.217099
0.000000
0.000000
0.000000
0.000000
0.000000
0.000000
0.000000
0.000000
0.000000
0.000000
0.000000
0.000000
0.000000
0.000000
0.000000
0.000000
0.000000
0.000000
0.000000
0.000000
0.000000
0.000000
0.000000
0.000000
0.000000
0.000000
0.000000
0.000000
0.000000
0.000000
0.000000
0.000000
0.000000
0.000000
0.000000
0.000000
0.000000
0.000000
0.000000
0.000000
0.000000
0.000000
0.000000
0.000000
0.000000
0.000000
0.000000
0.000000
0.000000
0.000000
0.000000
0.000000
0.000000
0.000000
0.000000
0.000000
0.000000
0.000000
0.000000
0.000000
0.000000
0.000000
0.000000
0.000000
