64
64
0.483622
0.095621
0.036636
0.141103
0.020507
0.195736
0.061130
2.629098
0.062787
0.233467
0.431858
0.094661
0.133263
0.251259
0.089059
0.212295
0.196821
0.118372
0.308778
0.059167
0.129514
3.027076
0.250799
0.040865
0.033354
0.183921
0.121969
0.334825
0.021692
0.122086
0.115168
0.170300
0.015231
0.103081
0.003899
0.045497
0.474594
0.049721
0.149169
0.169126
0.620296
0.010022
0.195357
0.411273
0.121830
0.038860
0.014076
0.236143
3.256079
2.743469
0.341074
0.313756
0.133880
2.895724
0.045141
0.129062
2.996271
0.042694
0.448443
0.083205
2.848479
0.230498
0.245494
0.000000
0.292076
0.148587
0.323180
0.132875
0.139930
0.205579
0.066667
0.009369
0.307582
0.466336
0.107985
0.244966
0.068134
0.031143
0.043648
0.328669
0.471944
0.310354
0.182741
0.195686
0.267859
0.149600
0.431474
0.062273
2.837245
0.355704
0.362427
0.227878
0.039820
0.043303
0.192719
0.132458
0.106715
0.075268
3.014232
0.382897
0.055497
0.018363
0.053912
0.215041
0.339347
0.752038
2.684902
0.044007
0.023452
0.380046
0.153034
2.993699
0.170003
0.234733
0.066379
0.094633
0.056251
0.372000
0.069874
0.306636
0.254535
0.512575
0.138076
0.272404
0.103364
0.028321
0.078542
0.000000
0.224123
0.466872
3.218300
0.612024
0.296358
0.033213
0.048366
0.134699
3.234149
0.087392
0.234474
0.215726
0.046398
0.213267
0.001047
0.193289
2.879027
0.088727
2.834650
0.049661
0.249852
0.417266
0.077892
0.024707
0.080738
0.389522
2.808209
0.419870
0.187028
0.024558
0.043412
0.122985
0.120990
0.121910
0.316429
0.388470
0.277770
0.067094
0.201056
0.146045
0.308232
0.122131
0.309414
0.106235
0.060480
0.247119
0.215039
0.082316
0.264590
0.190210
0.047573
0.302381
0.313724
0.030786
0.056582
0.058219
0.371504
0.071793
0.221881
0.222072
0.033815
0.028778
0.032915
0.000000
3.178875
0.197652
0.309447
0.067975
2.749649
0.022525
0.121737
0.415423
0.269448
0.427024
0.349239
0.315001
0.630281
0.333990
0.154037
0.229819
0.029299
0.289028
0.291909
0.168903
0.028173
0.165819
0.088472
0.416983
0.081896
0.093236
0.004466
0.091457
0.062152
0.188370
0.328215
2.996132
0.259261
0.382287
0.132486
0.153848
0.004942
0.005315
0.286266
0.188162
0.018692
0.465624
0.111459
0.129608
0.088349
0.000642
0.468342
0.041245
0.160947
0.126701
0.066783
0.131424
0.096768
0.025362
0.020822
0.072723
0.059232
0.157531
0.048920
0.155726
0.097168
0.280104
0.047565
0.000000
0.222747
0.158668
0.063666
0.034573
0.196870
0.612873
0.241396
0.259362
0.319337
0.350384
0.245856
0.052112
0.017798
0.062324
2.367770
2.879039
0.505390
0.135322
0.007521
3.128702
0.259864
0.196141
0.163977
0.167132
0.423290
0.203505
0.004466
0.099091
3.029582
0.237915
3.419497
0.087135
0.021508
0.297749
3.231824
0.148125
0.038749
0.177709
0.065614
0.165594
0.081514
0.147606
0.123349
0.162916
3.504378
0.033308
0.014702
0.214574
0.026022
0.130341
0.210454
0.314817
0.236885
0.149295
0.076351
0.094772
0.159866
0.299428
0.123721
0.092619
0.042815
0.096891
2.639358
0.000000
0.117939
0.007067
0.429465
0.319385
0.830911
0.829412
0.602457
0.745770
0.924754
0.404702
0.224771
0.188671
0.305865
0.441764
1.035180
0.377087
0.912321
0.797367
0.499417
0.086042
0.412231
0.037576
0.399610
3.301510
0.187233
0.171890
0.067881
0.008237
0.426982
0.098994
0.026667
0.426427
0.166816
0.028970
0.013398
0.259586
0.126203
0.308750
3.004874
0.021498
0.048408
0.395893
0.398834
0.081440
0.028003
0.067828
0.175366
0.073187
0.316716
0.275121
0.167364
3.079891
3.116352
0.046050
0.155517
0.315688
0.289910
0.066220
3.137720
0.065468
0.101857
0.379956
0.236742
0.000000
0.277955
0.320080
0.121675
0.566706
1.160100
1.145579
4.349305
1.929181
1.245341
1.104034
0.810430
0.259883
0.756613
1.269342
3.953101
1.066797
1.281609
1.443496
1.231728
0.623569
0.120686
0.058548
0.055517
0.475082
2.511180
0.298988
0.035922
0.077214
0.056434
0.188390
0.430968
0.296178
0.041787
0.480034
0.044014
0.088666
0.333156
0.160247
0.321293
0.264495
0.071904
0.107122
0.082804
0.181918
0.103202
0.110830
0.083538
0.345384
0.353113
0.372515
2.894012
0.110700
0.028962
0.255760
0.049415
0.394196
0.224812
0.233184
2.881372
0.132561
0.164927
0.243010
2.257002
0.000000
0.033933
0.101224
0.133347
1.147373
1.365766
1.733650
1.572701
2.165204
1.743045
1.967432
1.252739
0.046177
1.373402
1.280004
1.994899
1.973622
1.629516
1.627673
1.408166
0.932912
0.044202
0.029590
0.136451
0.065631
0.021969
0.096993
0.065646
0.068561
0.267360
0.203988
0.126999
0.025355
0.016241
0.173704
0.082189
0.119084
0.186730
0.364204
0.554805
0.349060
0.137257
0.146155
0.436669
0.194752
0.017906
0.216769
0.092853
0.044355
0.431122
0.208283
0.029204
0.115429
0.160924
0.086979
0.187047
0.802809
0.088763
0.014099
0.035494
0.039848
3.139380
0.006365
0.089253
0.000000
0.184611
0.457264
2.678008
0.843962
2.182217
2.243467
2.357704
2.663758
2.068890
2.269785
1.894538
0.202216
1.987802
2.403171
2.214169
1.787314
2.009293
1.750655
1.885112
4.257581
0.392521
0.010596
0.400629
0.362937
0.269116
0.248887
0.148768
0.132542
0.273077
0.122461
0.293334
0.288465
0.100414
0.233636
0.159895
0.077155
0.092634
0.217940
3.166531
0.133555
0.189657
0.316712
0.266110
0.345647
0.165244
0.299546
0.399697
0.242243
0.049910
0.122185
0.038812
2.902274
0.071065
0.151987
0.405576
0.131527
0.117664
0.098140
0.023765
0.266538
0.420184
0.142004
0.199782
0.000000
0.146984
0.124952
0.252221
1.314795
2.497490
0.046931
2.694045
3.042961
2.890320
2.280704
4.988233
0.284134
1.953362
2.481544
2.957555
2.298493
2.666049
2.871388
2.624914
1.377560
0.440219
0.290924
0.020297
0.211614
0.031193
0.236625
0.000731
0.485906
0.142832
0.138856
3.364595
0.196721
0.137712
0.117738
0.104835
2.742175
0.000292
0.188521
3.072770
0.280324
0.042817
0.042942
0.290629
0.082089
2.897351
0.229161
0.231115
0.039714
0.043173
0.001394
0.042296
0.027815
2.616526
0.104738
0.086948
0.291298
0.062002
0.063533
3.062337
0.286835
0.313849
0.021119
0.061298
0.000000
0.216944
3.339998
0.386420
1.854911
2.699031
3.032755
3.311867
3.336354
3.146705
3.389517
2.367560
0.154347
2.371165
3.152278
3.204983
3.288692
6.335197
3.128426
3.210525
4.696526
0.515456
0.032994
0.000651
0.105976
0.077588
0.315933
0.100604
0.001119
0.316539
0.162148
0.141673
2.935008
0.552668
0.201192
0.097741
0.250999
0.104396
0.198415
0.128140
3.144148
0.074392
0.306488
2.817992
0.311526
0.398026
0.282732
0.008151
3.126869
0.058574
0.219857
0.011201
0.422542
0.005199
0.018146
0.162058
0.052061
0.092470
0.319938
0.319455
0.054713
0.159456
0.247927
0.237765
0.000000
0.016825
0.428320
0.302098
1.691666
2.974856
3.648978
3.429943
3.403615
4.096492
3.276932
2.645750
0.028676
2.650558
3.217779
3.466032
4.069860
3.370470
3.404640
3.143501
1.844379
0.713352
0.176791
0.020565
0.172067
0.123904
0.170497
0.080596
0.031635
2.612309
0.449891
0.138591
0.210728
0.140443
0.118177
0.017623
0.535660
0.043558
0.035959
0.299549
0.220784
0.418613
0.319910
2.938530
0.044851
2.740541
0.072976
2.709946
0.343638
0.025527
0.127945
0.191686
0.343335
0.153446
0.189892
0.140740
0.066845
0.184303
0.203766
2.983097
3.444105
0.384340
0.126864
0.120562
0.000000
0.046503
0.283379
0.438273
1.917329
3.134742
3.388304
3.723108
3.439621
3.684139
0.240232
2.554195
0.017270
2.550117
3.442816
3.844917
3.490880
3.803337
3.521878
2.958574
1.902082
0.550228
0.082808
0.049595
0.057249
0.029068
2.841904
0.191291
0.132854
2.935373
0.068782
0.171522
0.147033
0.086021
0.487390
0.281532
0.009673
0.308451
0.037849
0.021192
0.054291
0.447399
0.025373
0.024442
0.041109
0.229810
0.035910
0.377183
0.264485
0.368011
0.020570
0.149240
0.069888
0.386039
0.113918
0.056531
0.142621
0.430608
0.269766
0.120925
0.245463
0.003010
0.088182
0.136254
0.000000
0.333797
0.036727
0.533841
1.471895
2.620725
3.326307
3.261930
3.207302
6.249317
3.252372
2.456544
0.064327
2.114346
3.184543
3.399644
3.226684
2.975162
3.082230
2.440477
1.408383
3.529020
3.143010
0.477290
0.119630
0.179760
0.027663
0.233655
0.440348
0.258939
0.007301
0.167443
3.016930
0.262452
0.061311
0.307052
0.033973
2.664947
3.151630
0.190730
0.047442
0.113367
0.228230
2.890699
0.282124
0.048461
0.467065
3.362693
0.188218
0.562262
0.225182
0.203030
0.183383
0.153892
0.014625
0.288221
0.028601
0.160605
0.084061
0.507390
0.131911
0.271822
0.183363
0.246244
0.000000
0.246562
0.338306
0.658085
1.337295
2.393017
0.425849
2.927243
2.901228
2.585056
2.537889
1.823710
0.292820
0.869684
5.353455
2.757025
2.635332
2.999409
2.498507
2.110951
1.308470
0.286600
0.034526
2.970264
0.019484
0.218713
0.001240
3.296712
0.337160
0.196051
0.331709
0.388206
0.448820
0.243524
0.322890
2.588606
0.254409
0.290579
0.048482
0.260657
0.231512
0.033347
2.900157
0.344384
0.393436
0.085043
0.104916
0.239448
0.838867
0.460513
0.368525
0.262381
0.298119
0.124663
0.010838
0.256948
0.224239
0.206742
0.363368
0.715196
0.383357
0.071667
0.212938
0.218312
0.000000
0.309654
0.128276
0.093553
1.135346
1.903068
2.220304
5.177065
2.222179
1.901761
2.148312
1.533058
0.189575
1.676519
2.192825
2.100522
2.432348
5.268805
2.232145
1.950218
1.020299
0.098569
0.082790
0.134624
3.389730
0.185011
0.099728
0.206522
0.022114
0.019942
0.207619
0.027419
0.288346
0.377210
0.085973
0.088890
0.389181
0.448606
0.087227
0.268950
0.561471
0.159312
0.207017
0.123480
0.202041
0.290257
0.276269
0.014720
0.143028
0.779257
3.108514
0.136214
0.070226
0.156047
0.223173
3.153967
0.098954
0.110315
0.648491
0.591074
0.674245
0.235905
0.170857
0.248293
0.000000
0.396049
0.054961
2.559614
0.720532
1.673847
1.510162
1.965491
1.423224
2.127552
1.704946
1.592227
0.330321
1.208902
1.087834
1.719391
1.379003
1.648411
1.530536
1.225428
1.208968
0.604347
2.897309
3.296814
2.746175
0.206993
0.256629
0.147468
0.101421
0.017204
0.319100
0.250895
0.427045
0.210630
0.116489
0.053987
2.487438
0.218641
0.063252
0.018745
0.390578
0.115659
0.012137
0.212836
0.389929
0.310955
0.203496
0.108884
0.924960
0.463058
0.393279
0.218679
0.014665
0.324174
0.063303
0.118253
0.111702
0.189844
0.617967
0.755550
0.726966
0.301545
0.095884
0.504692
0.000000
0.051115
0.097592
0.089503
0.821957
0.858316
1.280677
0.916617
1.266072
1.255272
0.652844
0.643213
0.155032
1.320077
1.402241
1.347391
1.104194
1.029734
0.834252
1.267325
0.579438
0.394202
0.197697
0.523759
0.410547
0.117336
0.456650
0.160628
0.143716
0.156289
2.910204
0.385744
0.283183
0.069311
3.181360
0.349616
0.186751
0.143249
0.000822
3.217745
0.120388
0.263369
0.091191
0.064228
0.025001
0.110019
0.117910
0.259523
0.956224
1.036433
2.489443
0.004758
0.155314
0.035028
0.449662
0.363202
0.223905
0.539050
0.348374
0.744824
0.696838
0.259448
0.060728
0.109910
0.000000
0.122923
0.103659
0.168432
0.385904
0.582349
0.674078
2.438225
0.529108
0.789708
0.759351
0.494500
0.026264
2.305923
0.681781
0.593783
0.946909
0.627046
2.502557
0.519033
0.550341
3.044997
0.151429
0.150238
0.158930
0.152928
0.081079
3.500792
0.346401
0.257425
0.174625
0.128526
0.222902
0.114253
0.357650
0.235484
0.295054
0.024039
0.100185
0.165829
0.091747
0.160503
0.379713
0.180162
0.146392
0.314648
0.090623
3.353114
2.066125
0.559922
0.047045
0.173176
0.099491
0.050822
0.107673
0.092189
0.319900
0.038364
2.596829
0.806193
0.960750
0.165111
0.224461
0.174171
0.000000
0.412093
0.233267
0.102947
0.314256
0.372317
0.493445
0.506328
0.176671
0.191333
0.349878
0.493838
0.257316
0.481033
0.483688
0.150293
0.533632
0.227580
0.193917
0.139744
0.139865
0.082440
0.004949
0.072615
0.072052
0.144197
0.138718
0.262482
0.078946
0.193676
2.738502
0.045555
0.019324
0.207305
0.173017
0.065080
0.174696
0.272926
0.469237
3.053874
0.210837
0.291629
0.066306
0.054421
0.263568
0.195758
0.347171
0.708499
0.772334
0.613079
0.243729
0.068281
0.144586
0.092265
0.180641
0.030426
0.043471
0.000620
0.319196
1.192920
0.940694
0.452180
0.104271
0.150638
0.000000
0.036749
0.110224
0.172838
2.597334
0.221869
3.003221
0.070026
0.034448
0.281664
0.032574
0.059083
0.134810
0.177495
0.119379
0.057435
0.069523
3.583153
0.023616
0.131305
0.264834
0.120078
0.132142
0.021224
0.054360
0.104899
0.093426
0.218307
0.084540
0.141571
0.239297
0.179298
0.342724
2.893503
0.114374
0.075904
0.215677
0.249997
0.181151
0.007436
0.542587
0.205773
0.456820
0.437260
0.127846
0.000213
0.107393
0.201963
0.900352
1.054991
0.693650
0.204359
0.103827
0.180449
0.198006
0.079025
0.146718
0.110388
2.954329
0.878628
0.746947
0.815390
0.186749
0.185889
0.000000
0.145198
0.151653
0.235710
0.094089
0.085420
0.070313
0.123716
3.241483
0.288334
0.128756
0.480580
0.176871
0.063480
0.346921
3.071126
0.094313
0.135771
3.130196
0.241099
2.775619
0.014726
0.370394
0.097665
0.036246
0.123012
0.323603
0.159594
0.143479
2.454640
0.416932
0.095351
0.062929
0.163270
0.531344
0.020379
0.098781
0.049262
0.008852
3.520824
0.140513
0.117986
0.169150
0.250999
0.031343
0.138938
0.033548
2.557231
0.999778
1.033274
0.297809
0.073113
0.102051
0.439548
0.405576
0.091738
0.274070
0.029142
0.445733
0.846040
0.778909
0.751711
0.086799
0.074144
0.000000
0.318738
0.390181
0.173966
0.015213
0.414530
0.183546
0.244708
0.021867
0.325501
0.323940
3.063344
0.070881
0.330756
3.060537
0.057575
0.324451
0.135201
0.064408
0.096867
0.127240
0.106160
0.260780
0.154582
0.125121
0.168181
0.076172
0.002587
0.228160
0.347344
0.165494
2.748590
0.240622
0.234859
0.011077
0.035579
0.076637
0.311753
0.169029
0.132459
0.309237
0.242628
0.067345
0.041891
0.088892
0.309193
0.141711
0.335487
1.301892
2.028942
0.467227
0.354436
0.287675
0.261894
0.014717
0.049267
0.089157
0.108625
0.318194
0.948117
1.102474
0.473749
0.065218
0.071830
0.000000
0.301819
0.030302
0.253762
0.177702
0.078970
0.028393
0.065313
2.923568
0.105746
0.017541
0.041788
0.165965
0.051845
0.071986
3.069317
0.128886
0.572820
0.059131
0.307339
0.180128
0.205794
2.797096
0.014699
0.163981
0.021061
0.211731
0.420560
0.226893
0.176155
0.033702
0.370180
0.229891
0.420407
0.286191
0.111477
0.250887
0.202730
0.298357
2.994424
0.089823
2.724452
0.231877
0.214172
0.258864
0.009540
0.028667
2.554230
1.567735
1.385678
0.158788
0.021908
0.256261
0.267976
0.083049
0.153013
3.114071
0.189104
0.830364
2.157582
1.084913
0.544513
0.174841
0.371746
0.000000
0.105503
0.225670
0.282467
0.134043
0.115150
0.115561
0.313866
0.064308
0.051024
0.135558
0.197789
0.167863
0.144262
0.213025
0.052062
0.270358
0.008837
0.023733
0.340624
0.076779
0.032629
0.003619
0.180420
0.439746
0.233903
0.224860
3.278534
0.178571
0.027426
3.169912
0.187513
0.345618
0.060266
0.031184
0.348788
0.087161
0.235746
0.005118
0.118000
3.095613
0.373051
0.153190
0.157985
2.738534
3.107484
2.918252
0.599628
1.544138
1.446596
0.222297
0.175193
2.683767
0.091121
0.342811
0.083926
0.071649
0.198188
0.825597
1.192363
1.255291
0.635033
0.026460
0.362146
0.000000
0.313091
0.111803
0.100370
0.127431
3.256632
0.061635
0.220108
0.138818
0.036425
0.084750
0.187681
0.132777
0.160018
0.220686
0.067332
0.193558
0.369016
0.229147
0.082349
0.676690
0.007983
3.164117
0.064335
0.020864
0.136973
0.102595
0.138850
0.333674
0.108784
3.335747
0.108971
0.264455
0.120800
0.044284
0.004485
0.301246
2.662509
0.060508
0.132228
0.794676
0.057527
0.046800
0.025693
0.354437
0.105017
2.872669
0.244580
1.590907
1.501274
0.272259
2.620382
0.010180
0.318553
0.029228
0.126247
0.106609
0.133299
0.648924
1.161379
1.596668
0.532500
0.214433
0.115991
0.000000
0.306731
0.305594
3.110504
0.341428
2.897108
0.145786
0.105074
0.101115
0.170457
0.046241
2.627329
0.208198
0.060396
0.248705
0.035227
0.037336
0.150217
0.045372
0.376294
0.147416
2.943143
0.050590
2.922291
0.003124
0.468579
0.071190
0.095380
0.075686
0.084350
0.036818
0.002289
0.084695
3.272613
0.218332
0.008120
0.191855
0.014480
0.373496
2.761273
0.070510
0.155875
0.106532
3.221261
0.246062
0.036607
0.246319
0.821931
1.535441
1.598441
0.441016
0.224042
0.249689
0.047571
0.253105
0.056805
0.140072
0.300796
0.564846
1.873933
1.521839
0.127129
0.320538
2.979183
0.000000
0.252686
0.049596
0.187640
0.143812
3.261255
0.047636
2.935202
0.154441
0.316381
0.037357
2.850983
0.139578
0.059412
0.043067
0.297370
0.496119
0.197522
0.307958
0.118273
0.091200
0.312692
0.119547
0.208337
0.086198
0.271446
0.441546
0.194767
0.227369
0.097007
0.289463
0.478803
2.803687
0.077598
2.923350
0.430360
0.319917
0.064802
0.076288
0.067376
0.072865
0.041988
0.169223
0.381736
0.007393
0.101934
3.384638
1.026271
1.763346
1.425771
0.500588
0.006354
0.083567
0.127833
2.827079
3.406490
0.093906
0.224780
0.563850
1.341547
1.387733
0.983011
0.279931
0.093731
0.000000
0.115607
0.000897
0.218125
0.159525
3.090977
0.436726
0.253168
0.121975
0.101178
0.011170
0.203693
0.336583
0.034304
0.137304
0.207698
0.252138
0.205209
0.038452
0.140613
0.163776
0.036656
0.100359
0.046965
0.274621
0.357861
0.054889
0.287426
0.047164
0.183835
0.079617
0.111849
0.361439
0.027091
0.317885
0.036759
0.046820
0.090845
0.164839
0.028084
0.206322
0.220944
0.230875
0.044586
3.319784
0.125517
3.200890
0.843605
1.451196
1.584740
2.248995
3.117864
0.184216
0.612793
0.162199
3.365739
0.351721
0.217057
0.649115
1.569282
1.886621
0.551487
3.194159
0.188109
0.000000
0.435179
0.056178
0.413735
0.171840
0.016810
0.046511
0.206279
0.077569
0.198470
0.085783
0.303910
0.349012
0.400133
0.044005
0.331468
0.199892
0.190921
0.153659
0.238956
0.133557
0.151797
0.157405
0.301802
0.074600
0.042943
0.346716
0.178298
0.131507
0.539984
0.218427
0.372326
0.431211
0.048265
0.140213
0.188484
0.212506
0.104996
0.048091
0.000485
0.049558
0.020442
0.219469
0.095835
0.089655
0.204451
0.013629
0.749413
2.088004
1.379110
0.646862
0.011504
0.007442
3.079490
0.295196
0.018689
0.205760
0.413838
0.835586
1.865833
2.182742
0.468907
0.058050
0.116012
0.000000
0.212685
0.139885
0.174014
3.121486
0.188358
0.231341
0.070756
0.410768
0.344294
0.179166
0.015219
0.063386
0.163185
0.038791
0.178154
0.510326
0.133480
0.001864
0.041150
0.062909
3.127406
0.039214
0.188295
0.218263
2.973112
0.115147
0.236862
0.214994
0.121080
0.296378
0.335647
0.183713
0.047089
2.947628
2.907961
0.089598
0.048866
0.134745
0.065745
3.385865
0.432366
0.264054
0.435552
0.135114
0.407829
0.361524
0.634140
1.819090
1.775963
0.863304
3.194076
0.086393
0.143978
0.109509
0.045552
0.257548
0.132684
0.696014
2.152267
1.493254
1.110686
0.011131
0.248578
0.000000
0.031146
0.211298
0.071999
0.055616
0.110244
0.068357
0.115962
3.065820
0.006664
0.729667
0.180778
0.130342
0.322329
0.208653
0.446685
0.172134
0.192103
0.097250
0.384479
0.005985
0.099713
0.139185
0.004910
0.058160
0.445365
0.083083
0.334198
2.822353
0.074537
0.214980
0.696215
0.526031
0.337076
0.419371
0.301418
0.383257
3.020215
2.984125
0.296504
0.666313
0.225319
0.561251
0.718993
0.337688
0.258538
0.125138
0.730497
2.283526
2.187291
0.504306
0.199512
0.162321
0.036204
0.081931
3.114083
0.089504
0.032627
0.588127
1.581262
1.778039
0.526081
2.855157
0.008014
0.000000
0.079497
0.197368
0.110404
0.159199
0.352628
0.242857
0.351543
0.370153
0.327975
0.518036
0.070000
0.261388
0.485190
0.082384
0.448035
0.131155
0.384089
0.046743
0.376031
2.995341
0.300619
0.261264
0.008669
0.358142
0.562180
0.068181
0.002243
0.149685
0.063345
0.500829
0.619985
3.532791
0.502578
0.634088
0.729058
0.265213
0.237073
0.582189
0.682175
0.524335
0.526183
0.312585
0.205492
0.179309
3.086932
0.198292
0.877638
1.904599
1.666411
1.108584
0.013719
0.333930
0.269099
0.212006
0.035564
0.223481
0.123783
0.578585
2.325803
2.026275
0.601251
0.015981
0.285982
0.000000
0.101829
0.228353
0.143743
0.151835
0.166151
0.056981
0.117695
0.059455
0.556709
0.397579
0.027845
2.910293
0.230985
3.162465
0.231137
3.038301
0.342869
3.010794
0.372858
0.189576
0.030349
0.166437
0.119718
0.259718
2.509802
0.018404
0.224576
0.072754
0.166866
0.569295
0.785502
0.807722
0.885840
0.728918
0.880347
0.590015
0.380993
0.783437
0.815602
0.698898
3.674720
0.640238
1.072958
0.476039
0.500727
0.113065
0.748243
2.082482
0.701149
0.951457
0.095766
0.247080
0.214047
0.042321
0.096853
0.124048
0.070058
0.893031
2.343170
2.313319
1.090086
2.957866
0.573068
0.000000
0.266544
0.094063
0.111540
0.435534
0.009910
0.172263
0.610535
3.210944
0.145163
3.011898
0.006196
0.048967
0.329702
3.232739
0.158401
0.371394
0.018656
0.158590
0.217601
0.032699
0.141027
0.345740
0.059103
0.042822
0.063438
0.066376
0.192062
0.281127
0.813785
0.913750
0.685043
3.683791
0.751774
1.999296
0.792912
0.590280
0.161287
0.764015
0.962095
1.046094
1.387843
0.935184
0.705699
0.712155
0.552734
0.139496
0.635583
1.812695
2.560504
0.761422
0.264438
0.368164
0.067566
0.148356
0.268903
3.023862
0.048951
1.007925
2.624849
2.066629
0.895483
0.019935
0.001993
0.000000
0.177002
0.025517
0.353903
0.194233
3.079800
0.344609
0.358334
0.172888
0.264406
0.481123
0.234545
0.014787
0.379664
0.302890
0.290278
2.888712
0.053566
0.153668
0.041403
0.255746
0.359486
0.216701
0.227198
0.135440
0.071809
0.034667
0.110006
0.050229
0.392277
0.916953
0.597479
1.418864
1.946552
0.496286
1.060668
0.761567
2.956007
1.163066
1.236397
1.080026
0.835474
3.981701
0.700992
1.406323
3.497096
0.110459
0.652846
2.403062
2.418740
1.166323
0.114716
0.148804
0.176539
0.059303
0.028897
0.156724
0.648515
0.559281
2.047131
5.030538
0.498705
0.124472
0.142855
0.000000
0.152484
0.007363
0.018234
0.488067
0.088990
0.003088
0.108988
0.296533
0.078608
0.164391
0.496457
0.150986
0.064146
3.096328
0.039906
0.086661
0.056217
0.000675
0.459231
3.338165
0.198031
0.046882
0.047042
0.162937
0.208906
0.201578
0.088295
0.090685
0.378896
2.258223
0.951426
0.837397
0.965905
1.108603
1.007554
0.630000
0.292013
0.886332
0.972225
1.292824
1.207532
1.169051
1.261685
1.186231
0.663167
0.323405
0.999608
2.556351
2.427203
0.885593
0.201653
0.372910
0.084165
3.171256
0.170745
0.133653
0.266973
0.856833
2.358797
2.259349
0.971186
0.352107
0.070420
0.000000
0.200628
0.066698
0.082056
0.082726
0.064652
0.125424
0.259676
0.312072
0.119736
0.133393
0.195968
0.614856
0.129048
0.145962
0.121306
0.038037
0.354500
0.242805
0.520224
0.016301
0.013926
0.280704
0.035264
0.046056
0.122383
0.168937
0.018031
0.157994
0.326825
0.964117
1.149888
0.630826
1.783302
1.623051
1.039468
0.731451
0.146186
0.874502
0.733026
0.960106
1.298619
1.372513
0.938255
0.824207
0.688009
0.561849
0.741949
2.543709
0.176647
0.914350
0.150209
3.250743
0.196190
0.083521
0.188510
0.166845
0.059081
1.243669
5.397879
0.703501
0.866645
0.345187
0.164791
0.000000
0.225729
0.110341
0.018235
0.400080
0.304182
0.232655
0.164064
0.002769
0.157471
0.504078
0.067153
2.874368
0.118219
0.112588
0.416926
0.156242
0.356070
0.609564
0.152993
0.020153
0.123945
0.203459
0.242473
0.229332
0.379321
0.175362
0.031409
0.071496
0.395469
0.995958
0.991627
1.180764
1.052878
0.869375
0.575580
0.796416
0.272628
0.587048
0.890454
1.334441
0.793853
1.259512
0.751176
0.219047
0.668005
0.061520
1.039803
2.515108
2.534045
0.692023
0.068081
0.039944
0.102863
0.450747
0.180389
0.426527
0.160765
0.896550
2.523615
2.520437
1.055916
0.008268
0.129068
0.000000
0.020713
0.160156
0.144699
0.027294
0.319332
0.053161
0.083908
0.586293
0.317322
0.440795
0.222166
0.367972
0.393384
0.282618
0.436876
0.233790
0.256873
0.288222
0.202152
0.508701
0.318085
0.280324
2.732374
0.322473
0.116313
0.115261
0.297223
0.310247
0.362239
0.675466
1.045032
2.254835
0.464514
1.519433
0.661654
0.642213
3.253948
0.620780
0.537227
0.866392
0.837121
0.882210
0.858190
0.952071
0.140205
0.273474
1.347176
2.615036
2.580799
0.871355
0.251328
0.130567
0.331839
0.340838
0.035417
2.977327
0.006648
0.736553
2.746784
2.706334
1.249437
0.204997
0.115791
0.000000
0.008957
0.138455
0.164121
0.207018
0.459902
3.082252
0.323818
0.370776
0.121489
0.796418
1.039242
0.277497
0.362169
0.760031
0.625231
0.548989
0.100346
0.441917
0.398652
0.461115
0.523312
0.543345
0.664334
0.400798
0.249418
0.001320
0.002392
0.283266
0.145749
0.851019
0.772138
0.806679
0.604768
0.542028
0.510906
3.740913
0.158261
0.386466
0.797465
0.924972
0.626276
0.765298
0.437850
0.798944
0.374830
0.196988
1.129447
2.810081
2.750557
1.068704
0.152208
0.226870
2.868980
0.043838
2.391700
0.126455
0.314249
1.318773
3.169352
2.732758
1.316108
2.598654
0.140884
0.000000
2.857731
0.159463
0.103919
0.099480
0.287449
0.145179
0.059638
0.444232
0.651885
1.270538
1.225275
1.384932
1.468920
1.278674
1.481345
2.074700
0.244567
1.012172
1.312304
1.157163
1.466456
0.746711
1.125676
1.091223
0.700982
3.016501
0.023181
0.141129
0.089958
0.469936
0.080764
0.934314
2.245742
0.685655
0.518615
0.237217
0.071498
3.490529
0.496799
0.573510
0.889651
0.076277
0.670175
0.701201
0.219828
2.866735
1.139057
2.897672
3.106152
0.920021
0.341084
0.320194
0.108969
0.043861
0.117878
0.099715
0.070095
0.952891
3.182317
2.872290
0.888850
2.774500
0.144758
0.000000
3.133152
3.438069
0.011408
0.141234
0.125180
0.056107
0.035636
0.515053
1.085334
1.540480
0.989162
1.390537
1.594137
2.119029
1.777262
4.490902
0.240909
0.775141
1.863094
1.934433
1.561907
1.643380
1.482202
1.794878
0.647266
0.397461
0.152925
0.049383
0.499115
0.357438
0.128681
3.609546
0.077957
0.471338
0.227768
0.128783
0.007912
0.035124
0.403613
0.274352
0.646572
0.106751
0.308075
0.396687
0.356274
0.021000
0.997982
0.006573
3.032770
1.409014
0.170796
0.300005
0.152608
0.005265
0.210562
0.151911
3.483247
1.304972
3.009913
3.188157
0.662391
0.082339
0.411579
0.000000
0.129991
0.113590
0.047354
0.159609
2.674726
0.228198
0.079274
0.266625
0.956673
2.070201
2.457907
2.473036
2.559184
2.383242
2.274850
1.681304
0.065443
1.789232
1.932214
2.259952
2.016345
1.923469
2.070992
2.270482
1.307129
0.231488
0.315488
0.070121
0.076010
0.277995
0.160872
0.222533
0.080614
0.409809
0.266424
0.228961
0.072308
0.071679
0.118957
0.321108
0.496851
3.307083
0.502844
0.121924
0.198341
0.041711
4.336280
3.493367
2.984238
1.417977
2.916608
0.136437
0.011691
0.165307
0.172262
3.026221
0.178878
1.023512
2.764957
3.353263
1.348988
0.248260
0.087200
0.000000
0.091512
0.236578
0.071774
0.295800
0.306159
2.784350
0.110925
0.305748
1.581058
2.465607
2.592527
2.816599
2.879289
2.644191
2.971178
1.019773
0.194768
1.551845
2.616718
2.714322
2.939427
2.348230
2.712457
2.170236
1.276194
0.618906
0.113385
0.192888
0.607621
0.104152
0.190731
0.062568
0.059265
0.078066
0.189547
3.378449
0.337748
0.041091
0.119536
0.182496
0.098083
0.304126
0.001948
0.044249
0.008440
0.318571
1.469588
3.163410
2.975562
1.400322
0.164762
0.093653
0.086089
0.208239
0.081483
0.066017
0.219650
1.547917
3.281583
3.223340
4.112480
0.196054
0.134694
0.000000
0.039078
0.394758
0.199686
0.068939
0.032590
2.923995
0.200810
0.434749
1.471945
2.624376
3.420541
3.275600
3.343984
6.344553
2.507710
2.637841
0.172622
2.283615
3.351713
2.800453
3.408192
3.496403
3.028027
2.423518
1.484872
0.654235
0.079580
0.127511
0.434109
2.266298
0.187769
0.144609
0.060578
0.189930
0.097514
0.253412
0.232685
0.187093
0.339634
0.035080
0.091785
0.066390
0.640892
0.131468
0.174354
0.116234
1.389416
3.257109
3.174358
1.135200
0.189953
0.193773
0.203692
2.632574
0.046708
3.059498
0.228999
1.453082
2.929918
3.008232
1.071635
0.103551
0.193473
0.000000
0.250580
0.388049
0.364492
0.116707
0.171954
0.089678
0.168498
0.562498
1.520833
3.249743
3.748123
3.510460
3.796537
3.451450
3.584620
2.559116
3.241762
2.221900
3.488137
6.798114
3.816053
3.700577
3.404461
0.207407
1.818399
3.976943
0.001471
0.171795
0.172494
0.034859
0.103680
0.123850
0.052668
0.305192
0.512453
0.201029
0.092283
0.019912
0.216969
0.453232
2.992475
2.625506
3.372680
0.272382
0.509251
0.152142
1.031136
3.151384
3.459558
1.116911
0.093974
0.146227
0.044240
0.133624
0.040077
0.085829
0.733988
1.655169
3.191183
3.291914
1.135025
0.132837
0.056771
0.000000
0.102156
3.307501
0.101017
0.148020
0.208899
0.176032
0.518381
0.576873
1.621791
3.335056
6.453078
3.581201
3.754570
0.714179
3.524193
2.703101
0.022974
2.317556
3.383255
3.960863
3.641517
3.829981
3.449707
3.061139
2.033915
1.003669
0.054681
0.142275
0.297985
0.059240
0.170968
2.896083
0.015848
0.158752
0.109702
3.117956
0.246469
0.255191
0.274650
0.043229
0.068668
3.154337
0.021413
0.526598
0.075072
0.008766
4.478618
3.372523
3.291178
0.880150
3.520864
0.299054
0.098022
0.088739
0.366220
0.280315
0.014951
0.725506
0.873382
3.195621
4.278192
0.349251
0.060331
0.000000
0.116668
0.164558
0.089136
3.697795
0.011149
0.520193
0.256411
0.408073
4.578478
2.765954
2.969798
3.265273
3.178628
3.199675
2.959297
2.208498
2.989144
2.450878
3.313410
3.492785
3.403367
3.089263
3.206766
3.011233
1.567429
0.611940
0.345332
0.377717
0.131190
0.407355
0.138834
0.392044
0.494739
0.181390
0.187659
0.044958
0.323277
0.068874
2.501595
0.316884
0.309429
3.124253
0.124317
3.160352
0.421175
2.770287
0.925829
3.099472
3.023876
3.974125
0.122493
0.480236
0.566862
0.100645
2.842307
0.054820
0.092697
1.693190
2.739597
2.694229
0.973540
0.039523
0.489669
0.000000
3.322785
0.063874
0.079883
0.164160
0.425808
0.016711
0.009202
0.242875
1.559636
2.662865
2.699207
2.732055
2.639458
2.963746
2.493544
1.645564
2.898700
2.143706
3.163477
2.843637
2.559666
2.752988
2.684949
2.440232
1.431705
0.509492
0.309285
0.272916
0.479287
3.049276
0.215040
2.988773
0.019527
0.263209
0.229218
0.199270
0.018259
0.471669
0.132069
0.294137
2.777220
3.041244
0.054766
0.162630
0.003015
0.327915
0.585961
1.702929
1.706655
2.595383
0.007228
0.012097
0.192101
0.086567
0.016310
0.013228
0.016787
0.368381
1.564448
1.938467
0.402679
0.312061
0.346476
0.000000
0.059459
3.198678
0.253868
0.185655
0.058416
0.252198
0.118590
0.471981
1.122321
1.892494
2.146674
2.105589
2.446557
2.467278
5.261467
4.519041
0.202029
1.732198
2.233428
1.991944
2.474600
2.252349
2.130160
1.824191
1.595438
0.465722
0.240112
0.121323
3.165025
0.300186
0.258393
0.049768
2.869024
0.072074
0.168088
0.126446
3.208979
0.045008
0.007323
0.159573
0.188561
0.143299
0.149213
0.075443
0.289853
0.330504
0.108430
0.819843
0.588344
0.509750
0.053177
0.093290
0.002816
0.159742
0.013182
0.058708
0.051215
0.525854
1.168874
0.272467
0.104699
0.093770
0.043815
0.000000
0.033877
0.181663
0.051076
3.007992
2.255277
0.060745
2.853554
2.802253
3.894187
1.593528
1.142046
1.805848
1.701564
1.430362
1.349990
1.516332
0.080226
1.603888
1.734888
1.761413
1.804803
1.804180
1.043320
1.610619
1.048507
0.227039
0.590252
0.230850
2.931593
3.127724
0.423643
0.045947
0.001572
0.050777
0.088708
0.277708
0.274536
0.203174
0.172085
0.411894
0.490466
0.427610
0.109252
0.390298
0.079014
0.030834
0.109171
0.108734
0.099813
0.005169
0.101505
0.314150
0.068239
0.262095
0.137188
0.040926
0.443330
0.084681
0.020459
0.324506
0.018827
0.177517
0.120419
0.000000
0.148987
0.328617
0.170223
0.423657
0.288932
0.176251
0.106302
0.111654
0.879660
0.854347
1.620147
1.245584
1.129862
1.004163
4.230392
1.056831
0.481909
3.775790
1.121550
1.213817
1.781104
0.513532
1.573585
4.406184
0.459929
0.474722
0.150479
0.404316
0.229171
0.223053
0.062966
3.151764
0.180350
0.428160
0.142257
0.295827
0.128680
0.452755
0.010950
0.170543
0.581286
0.116439
0.267436
2.672702
0.341756
0.414146
0.065114
0.224342
0.195742
0.308038
0.158946
0.053056
3.087048
0.042807
0.119589
0.267702
0.028462
3.438325
0.030026
0.688788
0.068487
0.286299
0.023282
0.000000
0.378296
0.131011
0.160060
0.073399
0.148019
0.040275
0.206031
0.405163
0.310391
3.545146
1.141722
1.022463
0.793941
0.966326
0.794356
3.388476
0.135534
0.753708
0.330293
0.896463
3.934510
0.581186
0.428888
0.833750
0.173769
0.146453
0.042952
0.187246
0.273941
0.441624
0.119826
0.280880
0.036977
0.130172
0.404500
0.045583
0.098347
0.019405
0.159546
0.159104
0.258655
0.336264
0.297936
0.306372
0.169878
2.835304
0.120816
0.056295
0.291676
0.103069
0.149021
0.073235
0.035834
2.715606
0.203362
3.191631
0.037666
0.008561
0.354555
0.488008
0.102585
0.076714
0.087996
0.000000
0.075143
3.250684
0.052553
2.900834
0.062830
2.583291
0.079171
0.233351
3.193698
0.618974
0.331650
0.416274
0.325905
0.354566
0.750410
0.431877
0.029360
0.230644
0.741697
0.153193
0.541879
0.301288
0.321746
0.486593
0.194417
0.171735
2.860531
0.142315
2.919318
0.049366
2.759799
0.240348
0.089364
0.487458
0.205236
0.071187
0.262732
0.054289
0.116639
0.116889
0.237382
2.810694
0.296195
0.056643
0.388273
3.082704
0.030837
0.165900
0.013643
0.308167
0.073505
0.059448
0.345283
0.129436
2.769726
0.373809
0.094274
0.132530
0.022659
0.008936
0.341903
0.025498
0.292406
0.000000
0.118824
0.010417
0.168770
0.029546
0.175539
0.128488
0.208405
3.211887
0.120229
3.227233
0.201691
0.183596
0.456090
0.003871
0.582195
0.374908
0.489483
0.012969
2.899394
0.104498
0.013581
0.192316
0.368307
0.030632
0.022495
0.084554
0.061315
0.042126
2.906992
0.033807
0.423821
0.027286
0.049103
2.690972
0.009432
0.018351
0.230911
0.016248
0.032747
0.159877
3.214571
0.119008
0.106370
0.153986
0.343573
0.014440
3.108814
0.373501
3.231026
0.074664
0.187152
0.171587
0.105109
0.026387
0.418586
0.116422
0.183366
0.045462
0.020944
0.191771
0.241063
0.037113
2.519726
0.000000
0.131504
0.270825
0.196864
0.073437
0.091952
0.115894
0.255511
0.397089
0.062592
0.037087
0.369810
3.455207
3.077327
0.164069
2.842724
0.119262
0.207958
0.090170
0.318237
0.082358
0.377901
0.084227
0.119796
0.067265
0.261175
0.226634
0.239865
0.173942
0.138691
0.143301
0.321524
0.228122
0.051422
0.109547
0.078958
0.307467
0.295449
0.231127
0.090441
0.087978
0.206082
0.052576
0.313593
0.204755
2.999720
0.035615
0.017992
0.520759
0.125330
0.116699
0.259423
0.163131
0.377076
2.966437
0.025484
0.048964
0.066344
0.236378
0.399771
3.188761
0.128597
0.024749
0.155781
0.000000
0.275893
0.164281
0.073750
0.053643
0.225654
0.221027
0.254775
0.082463
0.015645
0.285210
2.840372
0.204510
0.235197
0.404582
0.241369
0.118738
0.377741
0.033641
0.021842
0.158700
0.279277
0.079798
0.079738
3.257257
0.296231
0.288382
0.155371
0.038782
0.181943
0.470734
0.068069
0.213491
0.082480
0.148703
3.060976
0.340137
0.063486
0.111476
0.030297
0.181469
0.013627
0.063500
0.386142
0.058150
0.120729
0.194837
0.282378
0.060349
3.359972
0.479853
0.018292
0.088432
0.250862
0.061285
0.170125
0.044603
0.459823
0.279182
0.058592
0.250299
0.159363
0.023810
0.216527
0.000000
0.098812
0.112248
0.038093
0.225188
0.070070
3.068582
0.136613
0.091861
0.142523
0.025839
3.302550
0.181185
0.082224
3.007834
0.084720
0.441531
0.017012
0.438389
0.015614
0.353109
0.776489
0.247494
0.220242
0.159842
3.311263
0.122169
0.063846
0.543092
0.098725
0.349819
3.272769
0.122828
0.210569
2.679927
0.021660
3.007556
0.056724
0.101417
0.134427
0.256517
0.390473
0.204468
0.004073
0.044628
0.218377
3.292451
0.467038
0.350748
0.339243
0.020324
0.312937
0.290660
0.134435
0.380062
0.255037
0.177859
0.051561
0.172409
0.169586
0.272906
0.048695
0.126844
0.402121
0.000000
0.362773
0.045580
0.040536
0.471423
3.032616
0.015737
0.110226
0.241623
0.006112
0.051256
0.026621
0.247094
0.062913
0.087021
0.022982
0.117442
0.083631
0.148698
0.038315
0.381209
0.049228
0.102820
0.146025
0.172398
0.170523
0.232878
2.919434
0.211703
0.082456
0.349502
2.893438
0.189728
0.100770
0.223843
0.024092
0.564700
0.074668
0.052016
0.404621
0.180563
0.003576
0.382953
0.467522
0.049149
0.397840
3.355150
3.191134
3.123060
0.308545
2.708658
0.317976
0.086071
0.187921
0.004198
0.381866
0.018599
0.115405
0.100805
0.032125
0.237047
0.082786
0.108679
0.024079
0.000000
0.169284
0.055544
0.456675
0.274003
0.334371
0.169288
0.325358
0.166323
0.054489
3.089356
0.086953
0.067757
2.531608
0.078119
0.255262
0.246979
0.243085
0.241235
0.138935
0.145413
0.082690
0.427501
0.205704
0.012176
3.074320
0.071611
0.051435
0.206961
0.132249
2.796167
0.254820
3.101202
2.951451
0.001497
0.020290
0.164454
0.350446
3.125492
0.080553
0.201266
0.094812
0.107682
0.410094
0.241062
0.091150
2.891119
0.229000
0.120963
0.108797
0.471285
0.062036
0.070945
0.089321
0.030882
0.048204
0.101562
0.038362
0.053869
0.215829
0.125327
3.085484
2.695300
0.053115
0.000000
3.159653
0.024678
0.215831
0.080380
0.104055
0.127042
0.264496
0.468412
0.007529
0.061965
0.284546
0.156395
0.138805
0.002515
0.236730
2.623992
0.131247
3.192529
0.062229
0.172209
0.265736
2.976739
0.080004
0.440993
0.098213
0.019305
0.048886
0.300882
0.028759
0.288436
0.049689
0.359147
0.144720
0.137958
0.095214
0.517696
0.019501
0.216704
0.258966
2.947674
0.192957
0.022412
2.913653
0.179584
0.171359
0.122543
0.286179
0.096298
0.140206
0.040452
3.039089
0.026463
0.149512
0.061692
0.077722
2.867543
0.213709
0.063120
0.056305
2.804189
0.054899
0.535369
0.088109
0.000000
0.183500
2.995192
0.287317
0.221198
0.293931
0.035857
0.172863
0.053835
0.253445
0.258692
0.080266
2.482473
0.297867
0.035203
0.063943
0.251153
0.524811
0.262440
0.154763
0.119183
0.066305
0.037570
0.111269
0.375835
0.054421
0.143632
0.179526
0.097412
0.190162
0.241418
0.032969
0.049376
0.139926
0.474561
0.001913
0.271388
0.130266
0.271242
0.065262
2.825060
3.051408
0.054825
0.350837
0.016945
0.072913
0.055413
0.109542
0.254722
0.214654
0.062384
0.187716
0.270384
0.186113
0.047468
2.857173
0.244905
0.013054
0.168674
0.003398
0.143222
3.013104
0.414788
0.335493
0.000000
0.045096
0.115870
0.106303
0.404989
0.000536
2.900764
0.014675
0.277547
0.132590
0.293679
0.252695
0.197348
0.003340
0.203457
0.061872
0.281739
0.046829
0.500130
0.166532
0.035440
3.360392
0.165233
0.172886
0.094674
0.113762
0.247357
3.120360
0.178033
0.119868
0.127180
0.352993
0.089793
0.345541
0.204820
0.257867
0.053892
0.412405
2.736148
0.483900
3.193886
0.035212
0.260439
3.343997
0.296611
0.021809
0.339156
0.059818
0.128163
0.185316
0.138923
0.065009
0.258997
0.361658
0.108947
0.003016
2.941173
0.018567
0.259342
2.720091
0.301187
0.165522
0.102008
0.005710
0.000000
